100
1 1
3 4
5 5
15 15
100 100
66 100
21 68
9 24
54 55
13 14
77 81
2 4
93 97
4 57
8 24
17 61
47 74
7 9
1 74
1 3
83 86
28 49
23 53
9 10
25 58
46 79
26 68
40 52
4 36
34 82
24 39
14 38
30 54
8 100
8 10
50 96
9 43
76 82
2 11
60 79
28 29
5 23
12 13
38 44
15 69
40 40
7 26
27 59
10 40
20 39
25 99
9 11
48 86
53 97
15 35
12 36
54 72
21 95
18 20
28 82
21 36
17 99
1 1
33 44
53 71
46 93
4 19
12 62
8 99
4 51
15 32
35 96
23 48
59 90
11 32
17 59
49 95
20 32
15 18
84 88
52 60
26 56
41 87
17 38
38 74
43 69
11 78
19 63
38 59
18 96
6 75
29 61
2 15
3 17
36 70
17 71
84 87
49 62
44 95
5 61
