100
100 0
575028 575028 575028 575028 575028 575028 575028 575028 575028 575028 575028 575028 575028 575028 575028 575028 575028 575028 575028 575028 575028 575028 575028 575028 575028 575028 575028 575028 575028 575028 575028 575028 575028 575028 575028 575028 575028 575028 575028 575028 575028 575028 575028 575028 575028 575028 575028 575028 575028 575028 575028 575028 575028 575028 575028 575028 575028 575028 575028 575028 575028 575028 575028 575028 575028 575028 575028 575028 575028 575028 575028 575028 575028 575028 575028 575028 575028 575028 575028 575028 575028 575028 575028 575028 575028 575028 575028 575028 575028 575028 575028 575028 575028 575028 575028 575028 575028 575028 575028 575028
100 0
13893 17144 17144 22343 22711 25859 28790 33780 33780 33780 28790 42208 42208 49076 49076 49076 42208 28790 25859 25859 22711 22711 22343 22343 17144 13893 13893 49077 58808 58808 58808 67615 67615 75802 75802 75802 67615 85133 92631 92631 92925 92925 92925 92631 100121 100121 100121 85133 85133 105975 105975 105975 107829 110926 115287 122027 125167 126502 126502 126502 135472 135472 135531 135531 135531 144278 145795 146370 146370 152797 152797 152797 154222 156786 156786 156786 154222 161890 161890 166423 166423 166423 161890 154222 146370 145795 145795 144278 144278 135472 125167 125167 122027 122027 115287 115287 110926 110926 107829 107829
100 0
1659 1659 11137 12685 12685 12685 11137 11137 1659 12686 16759 18409 18409 18992 26740 26740 33403 33403 33403 26740 38456 38456 38456 18992 18992 18409 16759 16759 43316 46857 51641 51641 51641 46857 46857 43316 43316 51642 58968 58968 64063 72735 73120 76459 83227 89154 89154 89154 83227 83227 76459 76459 73120 73120 72735 72735 64063 64063 58968 89155 99071 106153 106153 108865 112863 112863 120658 128009 128009 134495 134495 134495 128009 120658 120658 112863 108865 108865 106153 99071 99071 134939 135742 135742 137452 137452 137452 140213 143113 143113 151939 151939 151939 143113 140213 140213 135742 134939 134939 151940
100 0
7263 7263 7263 7264 10698 10698 10698 10699 12842 12842 12842 12843 22467 22467 22467 22468 26850 26850 26850 26851 35617 35617 35617 35618 40935 40935 40935 40936 49357 49357 49357 49358 53723 53723 53723 53724 55727 55727 55727 55728 58848 58848 58848 58849 58883 58883 58883 58884 63594 63594 63594 63595 65853 65853 65853 65854 70715 70715 70715 70716 79785 79785 79785 79786 88913 88913 88913 88914 96736 96736 96736 96737 99424 99424 99424 99425 103386 103386 103386 103387 107792 107792 107792 107793 112334 112334 112334 112335 118971 118971 118971 118972 125393 125393 125393 125394 127041 127041 127041 127042
100 0
8298 8298 15215 15215 18078 18078 18204 18204 18204 18078 19118 23683 23683 23683 19118 19118 27842 27842 31339 31339 34555 38475 47016 47404 47404 47404 47016 47016 38475 38475 50840 50840 50840 58142 58142 58142 58711 58711 68493 68493 71275 71275 71275 71322 71322 81219 81219 81219 71322 87899 94077 100604 100604 100604 94077 107639 114665 114665 114665 107639 121486 126030 126030 126030 121486 128446 128446 128446 131986 131986 139064 139064 139064 143314 150069 150069 159854 159854 159854 150069 160342 160342 160342 170221 176975 176975 176975 186867 186867 186867 193029 197464 197464 201549 205822 205822 205822 201549 201549 197464
100 0
1 1 1 4 4 4 7 7 7 10 10 10 13 13 13 16 16 16 19 19 19 22 22 22 25 25 25 28 28 28 31 31 31 34 34 34 37 37 37 40 40 40 43 43 43 46 46 46 49 49 49 52 52 52 55 55 55 58 58 58 61 61 61 64 64 64 67 67 67 70 70 70 73 73 73 76 76 76 79 79 79 82 82 82 85 85 85 88 88 88 91 91 91 94 94 94 97 97 97 216652
100 0
2711 8492 9027 9027 9027 9057 9057 9057 8492 8492 13261 13261 13261 15189 15189 15445 15445 15445 15189 15446 15447 15671 25597 35075 35075 35075 25597 25597 15671 15671 35076 37137 37137 41506 42633 42633 42633 41506 41506 37137 42634 45501 47046 48556 48556 48556 47046 47046 45501 45501 48557 55668 55668 55668 64350 64350 72866 72866 72866 64350 72867 77072 77186 83215 83215 83215 77186 77186 77072 77072 83216 83433 85989 87441 87441 87441 85989 85989 83433 83433 87442 96334 105833 105833 105833 113178 113178 113178 96334 96334 114352 114352 122635 122635 122635 124095 124095 124095 114352 124096
100 0
10462 19896 19896 19896 19896 36588 36588 38883 44998 44998 44998 38883 38883 36588 44998 58621 60028 69536 69536 69536 60028 60028 58621 58621 69536 77301 77301 77301 81771 81771 83242 83242 83242 81771 83242 92170 101690 103737 103737 103737 101690 101690 92170 92170 103737 113820 116539 120018 120018 120018 116539 116539 113820 113820 120018 129929 129929 132410 132410 132410 129929 133457 133457 133457 133457 142079 151638 151638 155665 155665 155665 151638 142079 142079 155665 172857 172857 172857 173475 177547 177547 177547 173475 173475 177547 185673 186631 186631 186631 194254 194254 194254 185673 185673 194254 204439 205921 205921 205921 204439
100 0
11226 11226 11226 18436 18436 18436 28393 28393 28393 32426 32426 32426 45715 54360 54360 54360 45715 54360 61097 66806 66806 66806 61097 66806 82773 82773 92234 92234 92234 92234 106345 106345 106345 109391 109391 109391 125163 133649 133649 133649 125163 133649 140976 140976 140976 150963 150963 150963 167200 168806 168806 168806 167200 168806 182310 184546 184546 184546 182310 184546 198745 206697 206697 206697 198745 206697 219484 219484 227499 227499 227499 227499 240071 241037 241037 241037 240071 241037 254423 256967 256967 256967 254423 256967 259548 259548 259548 266269 266269 266269 278787 287507 292830 297339 297339 297339 292830 292830 287507 287507
100 0
10936 10936 24049 26759 26759 26759 26759 44079 46715 46715 46715 46715 52674 52674 52674 61334 61334 71826 80784 80784 80784 80784 92371 92371 92371 100224 100224 105007 114882 114882 114882 114882 128485 132589 132589 132589 132589 143618 143618 143618 148148 148148 160274 160274 169742 169742 169742 174625 174625 174625 177720 177720 178599 181209 181209 181209 181209 190634 190634 195024 195024 195024 199849 206739 206739 206739 206739 215852 222944 222944 222944 222944 235692 235692 239210 239210 239210 256857 260523 260523 260523 260523 265171 266721 266721 266721 266721 273983 273983 273983 275634 275634 282842 282842 289772 289772 289772 296552 296552 296552
100 0
14757 14757 14757 16797 16797 21863 24875 24875 24875 24875 34171 34517 34517 34517 34517 42258 45147 45147 45147 45147 57586 57586 58485 58485 58485 71993 81899 81899 81899 81899 83233 83233 83233 86040 86040 93733 102744 102744 102744 102744 108639 117979 117979 117979 117979 126286 131528 131528 131528 131528 145309 145309 145309 152440 152440 153452 157292 157292 157292 157292 168142 171171 171171 171171 171171 190855 190855 199818 199818 199818 212755 213019 213019 213019 213019 221891 229268 229268 229268 229268 243293 243293 246718 246718 246718 260054 260054 267121 267121 267121 278934 278934 285174 285174 285174 291571 301325 301325 301325 301325
100 0
3939 10151 10151 10151 3939 10151 19185 22369 22369 22369 19185 22369 32014 35111 35111 35111 32014 35111 47627 55063 55063 55063 47627 55063 63601 72218 72218 72218 63601 72218 83805 83805 83805 86702 86702 86702 91739 98808 98808 98808 91739 98808 113450 113450 119167 119167 119167 119167 124950 134240 134240 134240 124950 134240 142489 151426 151426 151426 142489 151426 158785 162205 162205 162205 158785 162205 174651 174651 174651 176982 176982 176982 182269 186692 186692 186692 182269 186692 190418 196575 196575 196575 190418 196575 203906 205794 205794 205794 203906 205794 211443 212132 216989 218042 218042 218042 216989 216989 212132 212132
100 0
12683 12683 12683 12683 15164 17407 17407 17407 17407 25888 32388 32388 32388 32388 40509 42129 42129 42129 42129 47678 54063 54063 54063 54063 64233 69444 69444 69444 69444 81747 81747 84513 84513 84513 94667 101118 101118 101118 101118 110578 110578 110578 116855 116855 126919 129181 129181 129181 129181 138667 138667 143212 143212 143212 153274 153274 163005 163005 163005 171081 171081 171081 171263 171263 183260 183260 185287 185287 185287 203555 203555 203555 206942 206942 211577 211577 211577 221218 221218 237407 237407 237407 243375 243375 255299 255299 255299 262929 262929 274825 284495 284495 284495 284495 297907 297907 304202 304202 304202 319832
100 0
14686 14686 14686 17246 17246 17246 19901 19901 33698 33698 33698 42163 42163 49677 58361 58361 58361 58361 69825 69825 76093 76093 76093 83352 83352 83352 91849 91849 110829 110829 114007 114007 114007 123335 123335 131146 131146 131146 148296 157333 157333 157333 157333 163196 163196 163196 164766 164766 177409 187288 187288 187288 187288 204835 212888 212888 212888 212888 227408 231708 231708 231708 231708 233741 233741 238404 238404 238404 249395 258663 258663 258663 258663 265523 271171 271171 271171 271171 282708 287140 287140 287140 287140 298777 298777 298777 306611 306611 317403 317403 317403 319781 319781 329310 332759 332759 332759 332759 335531 335531
100 0
5018 5018 6879 11832 11832 11832 6879 6879 5018 11832 26020 33683 33683 36133 36133 36133 33683 26020 26020 36133 45379 45379 52534 58178 58178 58178 52534 52534 45379 58178 65068 65068 65068 65172 65172 65172 66415 66415 66415 66415 83097 83097 83169 88241 88241 88241 83169 83169 83097 88241 100164 100164 100164 109680 109680 111708 111708 111708 109680 111708 122617 122617 125901 125901 125901 133986 133986 133986 122617 133986 139430 146648 146648 155107 155107 155107 146648 139430 139430 155107 164769 173622 173622 177546 177546 177546 173622 164769 164769 177546 184044 184044 190530 190530 190530 184044 198943 198943 198943 198943
100 0
3326 6547 6547 13930 13930 13930 6547 3326 23013 23013 27883 27883 27883 27883 34323 44047 49237 49237 49237 52890 58810 65034 65496 65496 65496 65034 65034 58810 58810 52890 52890 44047 44047 65496 74917 74917 74917 77669 87343 87343 87343 91804 98179 98179 98190 98190 98190 100090 100090 100090 98179 91804 91804 100090 108806 108806 108806 114272 118390 118390 118390 123584 123584 123584 114272 114272 130576 130576 130576 135484 135484 141203 141203 141203 150089 150089 150089 157551 157551 157551 167449 167449 169160 169160 172688 172688 177300 177300 183456 183456 183456 177300 172688 183456 191439 198791 198791 198791 191439 191439
100 0
1612 1612 10202 18686 18686 18686 10202 18686 27520 31493 31493 31493 27520 31493 48161 48161 53247 53247 53247 53247 64297 64297 64297 64601 64601 64601 75836 75836 80257 80257 80257 80257 87273 91880 91880 91880 87273 91880 100732 100732 100732 106811 106811 106811 112627 119674 119674 119674 112627 119674 129793 129793 129793 133220 133220 133220 144766 144766 144766 146981 146981 146981 158396 166910 166910 166910 158396 166910 169076 169076 177224 177224 177224 177224 189955 191904 191904 191904 189955 191904 207785 216197 216197 216197 207785 216197 225066 225066 232782 242300 242300 242300 249822 249822 255909 255909 255909 249822 232782 232782
100 0
11494 11494 14181 14181 14181 15864 15864 15864 11494 21026 25540 31724 31724 31724 25540 25540 21026 31724 42586 44771 44771 44771 49134 53035 61640 61640 61640 53035 67799 72228 72228 72228 67799 67799 53035 49134 49134 72228 84222 84222 84222 87732 89074 89074 89074 87732 93274 100957 100957 100957 105531 113837 113837 113837 105531 105531 93274 113837 127005 127005 136522 136522 137781 145092 145092 151806 151806 158380 165206 165206 165206 158380 158380 151806 145092 137781 137781 165206 176479 176479 176479 180357 180750 180750 180750 187482 190123 191997 194803 194803 194803 191997 191997 190123 190123 187482 187482 194803 198473 198473
100 0
17853 17853 26058 26962 26962 26962 26962 41139 45546 45546 45546 45546 58005 58005 58005 67309 67309 76263 84396 84396 84396 84396 97170 102728 102728 102728 102728 105951 105951 105951 108261 108261 116407 116407 117175 117175 117175 127535 131719 131719 131719 131719 143181 146551 146551 146551 146551 158213 158213 163314 163314 163314 171422 171422 177815 177815 177815 183311 188486 188486 188486 188486 197042 199242 199242 199242 199242 214140 214140 219224 219224 219224 227220 230241 230241 230241 230241 236150 240342 240342 240342 240342 249518 249518 249518 256495 256495 261595 261595 261595 265705 265705 276233 278562 278562 278562 278562 289248 289248 289248
100 0
10496 10496 14093 14093 14093 14093 33429 39246 39246 39246 33429 39246 50618 59254 59254 59254 50618 59254 70217 77415 77415 77415 70217 77415 87671 87671 95329 95329 95329 95329 101957 101957 101957 109372 109372 109372 120947 127346 127346 127346 120947 127346 140186 140186 140186 141689 141689 141689 150461 150461 150461 157439 157439 157439 168782 174408 174408 174408 168782 174408 182944 182944 189461 189461 189461 189461 203201 203201 203201 205915 205915 205915 217089 226709 226709 226709 217089 226709 243248 243248 243248 248216 248216 248216 264430 264430 273419 273419 273419 273419 277854 282564 282564 282564 283006 288865 288865 288865 283006 283006
100 0
12229 12833 12833 16635 23930 27571 27571 27571 23930 23930 16635 16635 12833 27571 40365 48244 48999 56016 59787 59787 59787 56016 65373 65373 65373 73489 73489 73489 56016 48999 48999 48244 48244 73489 82624 84384 84384 84384 86160 94015 102881 102881 102881 108938 108938 115644 115644 115644 108938 94015 94015 86160 86160 115644 117667 123994 128803 128803 138496 138496 138496 146210 146210 152034 152034 158418 158418 158418 152034 146210 128803 123994 123994 158418 167135 169039 169039 174412 182882 186662 186662 186662 188662 188662 188662 192840 192840 192840 182882 182882 174412 174412 169039 192840 205182 214803 214803 214803 205182 205182
100 0
5824 8372 8372 8372 8372 19480 28776 28776 28776 19480 28776 35775 40480 40480 40480 35775 40480 51400 51400 51433 51433 51433 51433 65185 65185 65553 65553 65553 65553 83511 83511 83511 92638 92638 92638 96239 104670 104670 104670 96239 104670 114697 114697 114697 119885 119885 119885 134167 134769 134769 134769 134167 134769 139553 142318 142318 142318 139553 142318 153320 158990 158990 158990 153320 158990 171574 171574 171574 174653 174653 174653 186183 195557 195557 195557 186183 195557 211414 211414 211414 215653 215653 215653 224201 224201 224201 226805 226805 226805 232421 238460 238460 238460 232421 245289 246023 246023 246023 245289 245289
100 0
6244 6244 11890 12122 12122 12122 18720 18720 18720 11890 11890 6244 18720 33150 40503 43978 50336 50336 52933 55447 57198 57198 57198 55447 55447 52933 52933 50336 43978 43978 40503 40503 57198 59071 59071 68402 72479 72479 72479 76564 76564 83345 83414 90653 90653 90653 83414 83414 83345 83345 76564 68402 90653 94000 95712 98669 98669 98669 95712 95712 94000 104422 114000 114000 114000 123271 132866 132866 132866 123271 123271 104422 132866 149035 149035 151928 151928 151928 152845 152845 152845 149035 162218 162218 170898 170958 175603 175603 175603 170958 170958 170898 175603 189631 189631 189631 198979 198979 198979 199937
100 0
12907 12907 15803 23493 23493 23493 15803 23493 26368 27641 27641 27641 26368 27641 34737 34737 34737 35030 35030 35030 52441 52441 61631 61631 61631 61631 70271 77388 77388 77388 70271 77388 92444 92444 94708 94708 94708 94708 97803 101288 101288 101288 97803 101288 104711 104917 104917 104917 104711 104917 114945 115774 115774 115774 114945 115774 124234 124234 124234 126011 126011 126011 142393 142393 146307 146307 146307 146307 164456 169892 169892 169892 164456 169892 181799 187367 187367 187367 181799 187367 193227 193227 199865 199865 199865 199865 202086 209033 212388 212388 212388 221714 221714 221714 209033 209033 202086 202086 226481 226481
100 0
12217 12217 12217 28930 34572 34572 34572 28930 34572 53524 53524 60804 60804 60804 60804 63468 65022 65022 65022 63468 65022 81539 83644 83644 83644 81539 83644 84844 84844 93686 93686 93686 93686 102566 103866 103866 103866 102566 103866 114496 116282 116282 116282 114496 116282 132154 132154 132940 132940 132940 132940 142180 142180 142180 143396 143396 143396 154643 158969 158969 158969 154643 158969 173540 180261 180261 180261 173540 180261 192547 200517 200517 200517 192547 200517 204911 204911 204911 206335 206335 206335 223685 223685 228309 228309 228309 228309 239420 243401 243401 243500 243500 246371 256039 256039 256039 246371 246371 243500 243401
100 0
14480 23601 23601 23601 23601 37775 37775 42787 42787 42787 51241 51241 51241 52318 52318 61112 61112 65184 65184 65184 71390 71390 71390 80060 80060 90848 91215 91215 91215 91215 92715 96220 96220 96220 96220 112906 112906 112906 113148 113148 122883 122883 122883 126288 126288 139370 146946 146946 146946 146946 155792 160511 160511 160511 160511 166409 169379 169379 169379 169379 177213 177213 177213 179587 179587 194045 201157 201157 201157 201157 211242 211242 219728 219728 219728 233406 233406 237492 237492 237492 247488 250810 250810 250810 250810 261521 263837 263837 263837 263837 266720 270595 270595 270595 270595 284295 284433 284433 284433 284433
100 0
11157 11157 11157 20319 20319 28031 28031 28031 28031 41039 41039 43758 43758 43758 43758 57427 58345 58345 58345 57427 58345 60348 60348 60348 63483 63483 63483 81580 91495 91495 91495 81580 91495 98084 98084 105889 105889 105889 105889 120598 130017 130017 130017 120598 130017 139448 139448 140161 140161 140161 140161 144422 144422 152670 152670 152670 152670 161621 168591 168591 168591 161621 168591 177738 177738 177738 181085 181085 181085 193509 201058 201058 201058 193509 201058 214526 214526 214526 215669 215669 215669 228448 228627 228627 228627 228448 228627 234181 234181 242540 245683 245683 255019 260541 260541 260541 255019 255019 245683 242540
100 0
15589 15589 15589 24020 24020 24020 24020 30885 30885 35047 35047 35047 37628 37628 37628 30885 37628 53018 61783 61783 61783 53018 63774 63774 63774 53018 63774 66359 69432 69432 69432 66359 77160 77160 77160 66359 77160 84031 84031 91622 101045 101045 101045 91622 91622 84031 101045 114090 121334 121334 125608 125608 125608 121334 114090 114090 125608 134678 142323 142323 147537 147537 147537 142323 134678 134678 147537 157699 160798 160798 164195 164195 164195 160798 157699 157699 164195 168267 172649 180538 180538 180538 172649 172649 168267 168267 180538 181559 181559 181559 185745 188337 188337 188337 185745 185745 188337 190608 190608 190608
100 0
7022 7022 19239 19239 19239 26996 26996 26996 39310 39310 39310 42040 42040 42040 52034 52034 58554 58554 58554 58554 65956 65956 73062 73062 73062 73062 78306 81495 81495 81495 78306 81495 93609 93609 96174 96174 96174 96174 101370 107040 107040 107040 101370 107040 121358 123268 123268 123268 121358 123268 132606 132606 132606 136079 136079 136079 145888 145888 145888 154935 154935 154935 166131 166131 166131 173768 173768 173768 185326 193016 193016 193016 185326 193016 201285 209826 209826 209826 201285 209826 218693 226113 226113 226113 218693 226113 231005 232013 232013 240228 241863 243987 243987 243987 241863 241863 240228 240228 232013 231005
100 0
14947 21904 21904 21904 21904 35067 35067 39996 39996 39996 39996 44412 44412 50442 50442 50442 50442 57672 57672 57672 61396 61396 61396 70530 71205 71205 71205 70530 71205 77695 77695 77695 81528 81528 81528 91510 91510 98663 98663 98663 98663 111344 114084 114084 114084 111344 114084 128437 138188 138188 138188 128437 138188 147995 147995 147995 152827 152827 152827 165342 165342 165342 174294 174294 174294 184340 184340 184340 191316 191316 191316 198348 198348 202089 202089 202089 202089 206074 208880 208880 208880 206074 208880 218692 221385 221385 221385 218692 221385 235119 244655 244655 245583 245583 251993 251993 251993 245583 244655 235119
100 0
6426 6426 6426 6426 22434 22434 23138 23138 23138 26007 26007 26007 29689 29689 38745 38745 41596 41596 41596 55280 62527 62527 62527 62527 74509 84401 84401 84401 84401 95873 105830 105830 105830 105830 120862 120862 120862 122795 122795 134444 134444 141528 141528 141528 152058 152058 152058 156520 156520 164938 169046 169046 169046 169046 174540 184261 184261 184261 184261 194104 194104 197644 197644 197644 210236 215927 215927 215927 215927 227567 230484 230484 230484 230484 234654 234654 234654 242154 242154 253374 253374 260419 260419 260419 267537 268384 268384 268384 268384 275948 275948 275948 276785 276785 286940 286940 288456 288456 288456 292624
100 0
16763 16763 23023 23023 23023 23023 34389 34389 34389 36944 45344 45344 45344 45457 45457 53833 54081 60677 60677 60677 54081 54081 53833 53833 45457 60677 63885 69588 76853 76853 76853 69588 82011 83436 83436 89059 89059 89059 83436 82011 89977 89977 89977 82011 69588 89977 100388 103663 103955 107307 107307 109005 112142 112142 117059 117059 117059 112142 109005 109005 107307 103955 103955 103663 103663 117059 128312 128312 134365 142722 142722 148886 153555 153555 153555 148886 148886 142722 157306 159837 159837 159837 157306 157306 134365 159837 163561 163561 163561 165359 165902 165902 165902 165359 174196 174196 174196 177589 177589 177589
100 0
8238 8238 25220 30085 33452 33452 33452 30085 30085 25220 25220 33452 42565 48603 56121 56121 56121 48603 48603 42565 42565 56121 61991 63276 69204 69204 69204 63276 63276 61991 61991 69204 76649 84995 92464 92464 92464 84995 84995 76649 76649 92464 101495 103771 103771 103771 101495 101495 112264 112264 112264 112264 128728 128728 128728 135704 145536 145536 145536 135704 135704 145536 160022 160022 167421 171657 171657 171657 167421 167421 160022 171657 184562 184562 193092 193092 195441 195441 195441 193092 184562 195441 213776 213776 213776 219349 223475 223475 223475 219349 219349 223475 231620 231620 231620 236648 236648 236648 237384 237384
100 0
9895 9895 14707 17810 17810 17810 14707 14707 9895 17810 28975 28975 30284 33510 33510 33510 30284 30284 28975 33510 41496 41496 41496 46339 46339 54007 54007 54007 46339 54007 68298 68298 74513 81549 81549 81549 74513 74513 68298 81549 87292 93398 93398 93398 87292 93996 93996 93996 87292 93996 105316 105316 105316 108511 112351 112351 112351 108511 108511 112351 126643 126643 133311 133311 133311 126643 133536 133536 133536 133536 140525 140525 148055 148055 148055 150404 150404 150404 140525 150404 157335 157335 166247 166247 173398 173398 173398 166247 157335 173398 182941 182941 184998 191260 191260 191260 184998 184998 182941 191260
100 0
5280 6198 11152 11152 11152 6198 6198 11152 25640 25640 25640 25681 29956 29956 29956 25681 25681 29956 38033 43660 48679 48679 48679 43660 43660 38033 38033 48679 52527 52527 56432 60006 60006 60006 56432 56432 52527 60006 72819 72819 77981 83825 83825 83825 77981 77981 72819 83825 92859 95155 102784 102784 102784 95155 95155 92859 92859 102784 112460 112460 119747 119747 119747 129724 129724 129724 112460 129724 131487 131487 132906 137911 137911 137911 132906 132906 131487 137911 153660 153660 153660 162489 172389 172389 172389 162489 162489 172389 180497 181789 187676 187676 187676 181789 181789 180497 180497 187676 196974 196974
100 0
7230 7230 7230 10270 10270 19022 19022 19022 27822 27822 27822 39192 42866 42866 42866 39192 42866 58218 58218 63669 63669 63669 63669 68636 72607 72607 72607 68636 72607 78589 78589 87699 87699 87699 87699 96396 106389 106389 106389 96396 106389 112985 115795 115795 115795 112985 115795 129278 129278 129278 132029 132029 132029 143452 143452 143452 148467 148467 148467 158078 158078 158078 163513 163513 163513 171456 171456 171456 172980 172980 172980 188316 188316 193998 193998 193998 193998 195537 195537 195537 201783 201783 201783 215948 224146 224146 224146 215948 224146 233111 243028 243028 247959 254995 254995 254995 247959 247959 243028 233111
100 0
7603 17816 17816 26570 26570 32823 32823 32823 26570 17816 32823 40582 40582 46166 47434 47434 47434 46166 46166 40582 47434 62247 62247 62869 62869 63524 63524 63524 62869 62247 63524 70046 73836 81012 81012 81012 73836 73836 70046 70046 81012 87038 95826 105158 105158 105158 95826 95826 87038 87038 105158 113289 113433 113433 113433 113289 116347 116347 116347 113289 116347 124604 128551 128551 128551 124604 134261 134261 134261 124604 134261 139995 139995 147944 152617 152617 152617 147944 147944 139995 152617 172033 172033 177907 177907 180722 180722 180722 177907 172033 180722 196318 196564 197637 197637 197637 196564 196564 196318 196318
100 0
19865 19865 19865 24510 24510 26907 26907 26907 26907 37443 37443 37443 38718 38718 38718 57187 57187 57420 57420 57420 57420 74305 74305 74305 75697 75697 75697 87891 87891 87891 92498 92498 92498 103892 103892 103892 108465 108465 108465 109444 115121 115121 115121 109444 115121 124479 124479 124479 125861 125861 125861 138674 138674 141177 141177 141177 141177 154519 157998 157998 157998 154519 157998 167954 177067 177067 177067 167954 177067 188646 188989 188989 188989 188646 188989 200955 205351 205351 205351 200955 205351 217412 226931 226931 226931 217412 226931 239364 246436 249299 249299 249299 254126 254126 258771 258771 258771 254126 246436 246436
100 0
10521 10521 10521 13009 13009 13009 20204 20204 20204 20204 31833 40645 40645 40645 46578 46578 46578 31833 31833 46578 56002 63673 63673 65050 65050 65050 63673 56002 56002 65050 76105 76105 76105 80706 83921 83921 83921 80706 80706 83921 100534 101179 101179 109529 109529 109529 101179 100534 100534 109529 122807 122807 131290 131290 131290 122807 133011 133011 133011 133011 145797 145797 145797 148173 148173 148277 148277 148277 148173 148277 160604 160604 162165 165373 165373 165373 162165 162165 160604 165373 178626 178626 178626 185875 186255 186255 186255 185875 185875 186255 199120 199120 199120 201121 201121 201121 202278 202278 202278 202278
100 0
6831 20507 20507 26994 28401 28401 28401 26994 26994 20507 28401 39277 39277 39277 41541 41541 41541 44564 44564 44564 44564 53582 54942 56272 56272 56272 54942 54942 53582 53582 56272 69880 79358 79358 79358 69880 80970 80970 80970 69880 80970 94400 94400 94400 94871 103704 103704 103704 94871 94871 103704 109074 118021 118021 127438 127438 127438 118021 109074 109074 127438 140924 144780 145875 145875 145875 144780 144780 140924 140924 145875 156771 162885 169432 169432 169432 162885 162885 156771 156771 169432 177669 181841 183067 183067 183067 181841 181841 177669 177669 183067 199436 199436 203372 203372 210800 210800 210800 203372 199436
100 0
11242 11242 11242 13293 13293 13293 13590 13590 21807 21807 31552 31552 34749 34749 34749 31552 21807 34749 51884 55984 55984 55984 60308 60308 60308 51884 51884 60308 72009 80952 88444 88444 88444 80952 80952 72009 72009 88444 98500 104579 109976 109976 109976 104579 104579 98500 98500 109976 112148 112148 112148 121597 121597 121597 130790 130790 130790 130790 144497 144497 144497 146031 146031 153367 153367 153367 146031 153367 160851 160851 167130 167130 167130 174738 174738 174738 160851 174738 187569 187569 187569 188930 196661 196661 196661 188930 188930 196661 214876 214876 218123 218123 218123 223602 223602 223602 214876 223602 237240 237240
100 0
4577 4577 4577 14078 16523 16523 16523 14078 16523 25329 26131 26131 26131 25329 26131 40760 40760 40760 49323 49323 49323 61950 71416 71416 71416 61950 71416 72184 72184 72184 75821 75821 75821 88860 88860 88860 98445 98445 98445 108414 117532 117532 117532 108414 117532 125171 132115 132115 132115 125171 132115 140174 142774 142774 142774 140174 142774 157183 157183 157183 162053 162053 162053 168944 172878 172878 172878 168944 172878 182816 182816 182816 187289 187289 187289 202709 202709 204467 204467 204467 204467 218168 218168 218168 218710 218710 218710 233309 233309 233309 235162 244914 245876 245876 245876 244914 249054 249054 249054 244914
100 0
10244 13689 22690 25007 25007 25007 22690 22690 13689 13689 10244 10244 25007 35444 35444 40884 47753 47753 47753 40884 40884 35444 51302 58933 58933 65513 69659 69659 69659 65513 65513 58933 69659 84641 84641 90652 98759 98759 98759 90652 90652 107135 107135 107135 84641 111251 120035 120035 120035 111251 111251 129292 129292 135634 135841 135841 135841 136930 142441 142441 142441 136930 149936 149936 159301 160926 160926 160926 159301 159301 149936 136930 160926 175198 184543 191466 191517 199231 199231 208264 213370 213370 213370 208264 208264 199231 191517 191517 191466 191466 184543 184543 213370 224118 224840 224840 227663 227663 227663 224840
100 0
18770 22458 28097 28097 28097 22458 22458 28097 30547 33859 38255 38255 38255 33859 33859 41047 41047 46115 50869 57464 57464 57464 50869 50869 46115 46115 41047 57464 62431 65519 65519 65519 69058 69058 70607 78683 78683 78683 80620 80620 86382 86382 86382 80620 70607 70607 69058 86382 92797 102625 110110 110110 110110 116004 116004 116004 119367 119367 119860 124386 124386 124386 119860 119860 119367 102625 102625 124386 137125 137995 137995 139044 142199 144368 153378 153378 153378 144368 144368 159811 159811 159811 142199 142199 139044 139044 137995 159811 170664 177826 187166 193501 193501 193501 187166 187166 177826 177826 170664 170664
100 0
12181 12181 23284 23284 23284 25970 25970 32219 32219 32219 41586 41586 58641 68200 68200 68200 68200 82705 87784 87784 87784 87784 99979 109859 109859 109859 109859 127691 127691 127691 134702 134702 138448 138448 138448 144797 144797 153166 156267 156267 156267 156267 172913 172913 172913 178936 178936 185706 185706 188812 188812 188812 193346 193468 193468 193468 193468 203508 203508 213120 213120 213120 221829 224058 224058 224058 224058 234608 243882 243882 243882 243882 261072 262210 262210 262210 262210 276076 276076 276076 280474 280474 286287 294648 294648 294648 294648 304536 313466 313466 313466 313466 330140 334805 334805 334805 334805 347042 347042 347042
100 0
8334 8334 11210 11210 11210 25872 25872 25872 30512 30512 30512 37044 37044 37044 45850 45850 45850 60872 63423 63423 63423 60872 63423 72680 72680 73927 73927 73927 73927 83291 92688 92688 92688 83291 92688 99013 101721 101721 101721 99013 101721 110614 111104 111104 111104 110614 111104 114892 114892 117023 117023 117023 117023 129545 129702 129702 129702 129545 129702 139804 139804 144399 144399 144399 144399 157892 165289 165289 165289 157892 165289 177498 177498 177498 178131 178131 178131 186350 186350 186350 195455 195455 195455 204614 204614 205743 205743 205743 205743 215845 221974 221974 221974 215845 215845 224263 228338 228338 228338 224263
100 0
3345 3345 3345 12585 12585 12585 17610 17610 32614 39028 39028 39028 39028 45596 45596 45596 48107 48107 62008 63944 63944 63944 63944 71288 75134 75134 75134 75134 79529 79529 87397 87397 87397 102398 102398 102398 111862 111862 120907 120907 120907 125145 125145 131615 131615 131615 137395 137395 147146 156082 156082 156082 156082 164300 164300 170193 170193 170193 185077 194659 194659 194659 194659 197702 197702 197702 203506 203506 208438 208438 208438 209554 209554 221183 221183 221183 227443 227443 240645 240645 240645 246324 246324 259206 259206 259206 266278 266278 271462 271462 271462 279608 279608 281853 283676 283676 283676 283676 290928 290928
100 0
4745 4745 4745 9542 9542 14191 14191 14191 14191 21457 21457 21457 25342 25342 25342 31120 31120 31120 38537 38537 38537 49571 57388 57388 57388 49571 57388 59955 59955 59955 65412 65412 65412 78349 78349 84400 84400 84400 84400 88789 93560 93560 93560 88789 93560 106673 106673 106673 110036 110036 110036 119913 119913 126659 126659 126659 126659 140141 140141 140971 140971 140971 140971 151224 151224 154066 154066 154066 154066 159525 159525 167175 167175 167175 167175 174082 174082 174082 175479 175479 175479 183767 183767 183767 189293 189293 189293 204941 204941 208762 209057 210450 210450 210596 210596 210596 210450 209057 209057 208762
100 0
7482 7482 7482 15528 15528 25398 25398 25398 27816 27816 27816 15528 27816 40578 40578 40578 47219 47219 53508 53508 53508 47219 53508 61368 70365 70365 78206 78206 78206 70365 61368 61368 78206 94629 94629 94629 99282 99282 99282 105097 105097 105097 105097 113209 114489 114489 123076 123076 123076 114489 113209 113209 123076 132060 138021 138021 138021 138769 138769 138769 132060 132060 138769 142541 142541 142541 149207 154414 154414 154414 149207 149207 154414 159337 159337 159337 161876 161876 161876 170170 170170 170170 170170 181783 181783 181783 181803 189199 189199 189199 181803 181803 189199 202397 202397 202397 206597 206597 206597 209914
100 0
8575 8575 8575 10774 10774 13759 13759 13759 10774 13759 26867 26867 27907 35429 35429 35429 35471 42473 51331 51331 58759 58759 58759 51331 42473 42473 35471 35471 27907 58759 68668 68668 68668 74649 76152 76152 79852 79852 86535 86535 94461 95236 95236 95236 94461 94461 86535 79852 76152 95236 103599 113129 114454 116469 116469 119694 125381 125381 133992 133992 133992 125381 119694 119694 116469 114454 114454 113129 113129 133992 143714 143714 143714 147471 156469 160217 160217 163700 163700 167956 168575 168575 168575 167956 167956 163700 160217 156469 156469 168575 176669 176669 176669 182275 191129 194701 194701 194701 191129 191129
100 0
4901 16598 20031 20031 20031 20031 34260 41984 41984 41984 41984 54134 54135 54135 54135 54135 58099 58099 60423 60423 60423 68616 71443 71443 71443 71443 81559 88631 88631 88631 88631 103595 111316 111316 111316 111316 113709 119356 119356 119356 119356 130955 130955 135888 135888 135888 143269 143269 145689 145689 145689 153810 159019 159019 159019 159019 177898 177898 180086 180086 180086 187322 187322 187322 193618 193618 205279 205279 205279 211215 211215 222905 224534 224534 224534 224534 231653 231653 240196 240196 240196 256866 256866 256866 257218 257218 272948 272948 272948 278104 278104 286268 286268 286268 289729 289729 299769 305906 305906 305906
100 0
3018 3018 3018 5447 13438 13438 13438 5447 13438 19446 19446 20777 30433 30433 30433 20777 20777 19446 30433 41279 41279 47137 55358 55358 55358 47137 47137 41279 55358 58747 65777 65777 66605 66605 66605 65777 58747 58747 66605 84309 84309 84309 94258 94258 102986 102986 102986 94258 102986 107002 112844 116552 116552 116552 112844 112844 107002 107002 116552 120878 125629 127526 127526 127526 125629 125629 120878 120878 127526 131358 131358 136843 136843 139356 139356 139356 136843 131358 139356 144357 154092 154637 154637 154637 154092 154092 144357 144357 154637 169837 169837 174182 174182 175876 175876 175876 174182 169837 175876 189534
100 0
15175 15175 15175 27270 34843 34843 34843 34843 45683 50116 50116 50116 50116 65621 65621 73201 73201 73201 80853 83011 83011 83011 83011 89941 89941 89941 93161 93161 102590 102590 102590 111295 111295 121296 121296 124308 124308 124308 137321 146652 146652 146652 146652 157096 157096 163254 163254 163254 175730 175730 185119 185119 185119 198392 205584 205584 205584 205584 214174 217698 217698 217698 217698 229800 232050 232050 232050 232050 237231 237843 237843 237843 237843 243849 243849 251938 251938 251938 256755 256755 263014 263014 263014 270891 270891 270891 277021 277021 281208 285124 285124 285124 285124 295860 300286 300286 300286 300286 309247 309247
100 0
9516 9516 9516 9516 18760 18760 22670 22670 22670 31122 31122 31122 31939 31939 39728 39728 39728 48812 48812 54405 54405 54405 63377 63377 68248 74390 74390 74390 74390 87880 87880 87880 97068 97068 101415 101415 101415 110807 110807 123608 129745 129745 129745 129745 146787 146787 147201 147201 147201 156737 156737 156737 159445 159445 168685 168685 173770 173770 173770 183871 183871 183871 193407 193407 200235 210146 210146 210146 210146 216315 222124 222124 222124 222124 233320 233320 243271 243271 243271 257564 263832 263832 263832 263832 266654 266654 267112 267112 267112 277188 281351 281351 281351 281351 284627 292039 292039 292039 292039 308561
100 0
6908 16442 16442 16442 17223 17223 34540 34540 34540 43598 43598 45722 51420 51420 51420 51420 69545 69545 69545 79000 79000 83854 85620 85620 85620 85620 91158 97841 97841 97841 97841 109699 117870 117870 117870 117870 128870 128870 137154 137154 137154 143852 143852 143852 150343 150343 160032 160032 166095 166095 166095 175778 175778 175778 179111 179111 192306 197005 197005 197005 197005 209833 209833 209833 212886 212886 227628 233723 233723 233723 233723 238506 238545 238545 238545 238545 247590 247590 247590 253427 253427 262315 262315 262315 265905 265905 284580 284580 284580 293826 293826 300208 303282 303282 303282 303282 313793 313793 316759 316759
100 0
16921 26650 35390 35390 35390 26650 26650 35390 39762 39762 40811 40811 40811 47183 47183 47183 39762 47183 50887 52727 62012 62012 62012 52727 52727 50887 50887 62012 72893 72893 75632 84457 84457 84457 75632 75632 72893 84457 86947 95505 95505 95505 86947 97839 97839 97839 86947 97839 108180 108180 108416 109845 109845 109845 108416 108416 108180 109845 120266 124302 124302 127860 127860 127860 124302 120266 120266 127860 139033 139033 147440 151472 151472 151472 147440 147440 139033 151472 162188 170738 172977 172977 172977 170738 170738 162188 162188 172977 181799 181799 182330 182330 182330 181799 188972 188972 188972 188972 203088 203088
100 0
15629 15629 15629 25659 29012 29012 30853 30853 30853 29012 25659 25659 30853 42181 51055 51055 51497 51497 51497 51055 42181 42181 51497 69419 78314 78314 78314 69419 82936 82936 82936 69419 82936 92117 92117 98905 98905 99979 99979 99979 98905 92117 99979 104739 104739 104739 110092 112309 112309 112309 110092 110092 112309 118512 124067 124067 124067 118512 118512 128188 128188 128188 128188 141560 151123 160065 160065 160065 151123 151123 141560 141560 160065 168155 168741 168741 173229 173229 173229 168741 168155 168155 173229 182550 187354 187354 193861 193861 193861 187354 182550 182550 193861 210405 211418 211418 211418 210405 210405 216154
100 0
11249 11249 11249 21400 21400 28346 28346 28346 28346 32600 32600 32600 34742 34742 34742 41907 42227 42227 42227 41907 42227 54421 54421 59485 59485 59485 59485 75067 84941 84941 84941 75067 84941 96533 96533 104701 104701 104701 104701 116094 116094 125455 125455 125455 125455 136703 142670 142670 142670 136703 142670 150890 155267 155267 155267 150890 155267 169147 169147 170806 170806 170806 170806 182123 182123 182123 191081 191081 191081 195580 195580 195580 197121 197121 197121 207103 213684 213684 213684 207103 213684 222506 222506 222506 230500 230500 230500 238755 242438 242438 242438 238755 252219 252219 252219 238755 260303 264959 264959 264959
100 0
17458 17458 25058 25058 25058 25058 37477 37477 41212 41212 41212 41212 54256 54256 62738 62738 62738 62738 67636 75335 75335 75335 67636 75335 82582 83293 83293 83293 82582 83293 87644 90047 90047 90047 87644 90047 101094 101094 106042 106042 106042 106042 114554 114713 114713 114713 114554 114713 122249 128737 128737 128737 122249 128737 138242 142587 142587 142587 138242 142587 149924 149924 159163 159163 159163 159163 171958 180245 180245 180245 171958 180245 189841 189841 194163 194163 194163 194163 200421 200421 200421 207306 207306 207306 218776 218776 225747 225747 225747 225747 239838 242903 248015 248015 256910 256910 256910 248015 242903 242903
100 0
7377 7377 7377 7377 13742 14349 14349 14349 13742 14349 23433 23433 23433 27143 27143 27143 37849 37849 37849 47452 47452 47452 57867 64091 64091 64091 57867 64091 74424 79183 79183 79183 74424 79183 92651 101266 101266 101266 92651 101266 107309 107309 108455 108455 108455 108455 117593 126845 126845 126845 117593 126845 137317 137317 137317 144872 144872 144872 151936 157253 157253 157253 151936 157253 167964 167964 176587 176587 176587 176587 179031 179031 181575 181575 181575 181575 194174 195131 195131 195131 194174 195131 201348 201348 205825 205825 205825 205825 221447 221447 228664 228664 233434 233434 233434 242407 242407 242407 228664 221447
100 0
3473 3473 7267 7362 7362 14354 14354 14354 7362 20628 20628 20628 7267 7267 3473 20628 31854 33549 38113 38113 38113 33549 47927 51361 51361 52318 52824 52824 52824 52318 52318 51361 47927 47927 33549 52824 60311 60311 60642 67770 67770 76396 76396 76396 67770 60642 60642 60311 80887 80887 80887 88614 88614 88614 89702 89702 98025 98025 101884 101884 101884 98025 110959 110959 110959 120511 127714 127893 127893 136517 136517 136517 127893 127714 127714 136517 147529 147529 157029 157029 157687 162630 163704 163704 165648 172172 172172 172172 165648 165648 163704 162630 162630 157687 157687 172172 184565 184565 184565 185716
100 0
7160 7160 7160 8006 8006 18328 18328 18328 20384 27477 27477 27477 20384 20384 27477 40694 40694 46798 53980 53980 53980 46798 46798 40694 53980 66003 66003 66003 70788 70788 70788 74886 74886 74886 74886 79528 79528 84077 92402 92402 92402 84077 84077 79528 92402 107988 110431 111170 111170 111170 110431 110431 107988 107988 111170 121959 121959 121959 123841 123841 128177 128177 128177 123841 128177 142385 142385 142385 151709 151709 160976 160976 160976 151709 160976 169808 169808 179406 183323 183323 183323 179406 179406 169808 183323 185979 185979 193821 193821 193821 185979 194512 194512 194512 194512 203963 208886 208886 208886 203963
100 0
9705 9705 9705 9705 20437 20437 20437 28709 28709 40623 40623 40623 49287 49287 62436 67278 67278 67278 67278 68105 68105 68105 75492 75492 85889 85889 85889 89381 89381 102290 107753 107753 107753 107753 119414 119414 119414 127497 127497 143201 143201 143201 152091 152091 157851 157851 157851 161099 161099 172989 181805 181805 181805 181805 196696 204904 204904 204904 204904 212511 212511 217229 217229 217229 226380 233938 233938 233938 233938 246663 246663 246663 252978 252978 266792 276403 276403 276403 276403 279345 286572 286572 286572 286572 292445 296412 296412 296412 296412 299955 303520 303520 303520 303520 313490 313490 313490 323289 323289 333770
100 0
8745 8745 12337 12337 20600 20600 20600 12337 20600 31094 32738 32738 33137 33650 40579 40579 47621 47621 57454 57454 57454 47621 40579 33650 33650 33137 33137 32738 57454 67790 72572 72572 82374 90097 91622 100850 100850 107528 107528 107528 100850 91622 91622 90097 90097 82374 82374 72572 107528 119270 119270 124357 124357 124357 119270 126500 133629 133629 137343 138149 145466 145466 145466 138149 138149 137343 137343 133629 145466 149849 149849 149849 156580 159797 159797 162241 164611 164611 171669 181251 181251 181251 171669 171669 164611 162241 162241 159797 181251 198233 200070 200070 200070 198233 198233 202127 202127 202127 211340 211340
100 0
3453 5341 7100 7100 7100 5341 7100 9315 9315 18121 18121 18121 18121 28230 28230 29076 29076 29076 29076 32790 41546 41546 41546 32790 41546 59698 59698 66455 66455 66455 66455 78313 78313 82410 82410 82410 82410 92003 92745 92745 92745 92003 92745 96852 98360 98360 98360 96852 98360 111976 111976 112249 112249 112249 112249 119221 122508 122508 122508 119221 122508 132129 132129 139408 139408 139408 139408 143791 143791 150453 150453 150453 150453 152774 154072 154072 154072 152774 154072 162199 171276 171276 171276 162199 171276 183509 183509 190026 195861 195861 195861 190026 190026 197422 204282 204282 204282 197422 197422 183509
100 0
8892 8892 20645 28899 28937 28937 28937 35525 35525 36349 36349 36349 35525 37808 46067 46067 46067 37808 37808 28899 28899 46067 59151 59151 63357 63357 63357 63448 72895 72895 78201 78201 78201 72895 63448 63448 84333 84333 91288 91288 91288 91288 103358 110158 110158 110158 117028 124651 128763 131403 137242 137242 137242 131403 131403 128763 128763 124651 124651 117028 117028 137242 149241 155417 155417 161264 171239 171991 171991 171991 181402 191213 191213 191213 181402 181402 171239 171239 161264 161264 155417 191213 192322 195888 195888 203008 203008 204238 212997 220589 220589 220589 212997 212997 204238 204238 203008 195888 192322 192322
100 0
10977 10977 24392 24392 24392 31342 31342 31342 45455 48398 48398 48398 45455 48398 60515 60515 62394 62394 62394 62394 73229 80604 80604 80604 73229 80604 95461 98617 98617 98617 95461 98617 108016 111349 111349 111349 108016 111349 121042 121042 125840 125840 125840 125840 135813 144160 144160 144160 135813 144160 149440 150641 150641 150641 149440 150641 166317 166317 168971 168971 168971 168971 183285 183285 186077 186077 186077 186077 201828 210826 210826 210826 201828 210826 225583 234208 234208 234208 225583 234208 242534 251333 251333 251333 242534 251333 262030 265360 267719 267719 267719 276738 277313 277313 277313 276738 276738 265360 265360 262030
100 0
3276 3276 9867 17512 17512 17512 9867 9867 26345 26345 26345 26345 34108 34108 41257 50190 50190 50190 41257 41257 34108 50190 60076 60076 63795 63795 70389 70389 70389 63795 60076 70389 78009 80584 87011 87011 87011 80584 80584 78009 78009 87011 95799 95799 95799 96985 96985 97595 97595 97595 96985 97595 102348 102348 110948 115880 115880 115880 110948 110948 102348 115880 130385 130626 140458 140458 140458 130626 130626 130385 130385 140458 149610 156513 156513 163589 163589 163589 156513 149610 149610 163589 172782 181410 181410 191265 191265 191265 181410 172782 172782 191265 204601 204601 212018 212018 213570 213570 213570 212018
100 0
10146 10146 10146 16817 16817 16817 20601 20879 30537 30537 30537 20879 20879 31212 31212 31212 20601 35865 44888 44888 44888 35865 44888 60354 60354 68475 68475 68475 76801 81628 81628 81628 82561 82561 83150 87357 87357 87357 83150 83150 82561 76801 87357 96728 98543 105176 109344 109344 109344 110421 118144 118144 118144 125502 125502 125502 110421 110421 105176 105176 98543 98543 125502 134720 134720 134720 139919 139919 139919 146050 146050 152768 161506 161506 161506 167530 167530 172103 172103 172103 167530 152768 172103 174642 174642 174642 177412 185517 185517 187462 196704 196704 204174 204174 204174 196704 187462 187462 185517 177412
100 0
6894 6894 6894 7043 7043 7043 8481 11952 11952 11952 19864 19864 22803 27661 27661 27661 22803 22803 19864 27661 34361 42506 42506 46937 46937 49058 59020 59020 63260 63260 63260 59020 67298 67298 67298 49058 49058 46937 42506 67298 77433 78903 87854 87854 96094 103681 103681 103681 96094 110935 110935 110935 120026 120026 120026 96094 87854 78903 78903 120026 136482 140398 150040 151963 151963 151963 161199 161199 161199 150040 150040 165353 165891 165891 165891 165353 165353 140398 140398 165891 169146 169146 171343 178806 187440 187440 187440 178806 178806 195924 198023 202763 202763 202763 198023 198023 195924 195924 171343 202763
100 0
6123 15807 25747 25747 25747 15807 25747 32640 38284 38284 38284 32640 38284 56048 56048 56048 57336 57336 57336 57825 58859 58859 58859 57825 58859 70978 76507 76507 76507 70978 76507 88541 97024 97024 97024 88541 97024 111417 112632 112632 112632 111417 112632 118782 122149 122149 122149 118782 122149 133567 141284 141284 141284 133567 141284 147049 156257 156257 156257 147049 156257 159512 168881 168881 168881 159512 168881 171566 175272 175272 175272 171566 175272 187767 190605 190605 190605 187767 190605 203314 206447 206447 206447 203314 206447 213281 213281 213281 221081 225978 225978 226149 228174 228174 228174 226149 226149 225978 221081 221081
100 0
2677 2677 11091 11091 11091 11091 20072 20072 25603 25603 25603 25603 35159 43006 43006 43006 35159 43006 56085 56085 61307 61307 61307 61307 73269 77203 77203 77203 73269 77203 80923 86577 86577 86577 80923 86577 104113 112196 112196 112196 104113 112196 124685 134282 134282 134282 124685 134282 152722 152722 152722 153921 153921 153921 160404 160404 167678 167678 167678 167678 172348 172348 176625 176625 176625 176625 189566 189566 189566 191114 191114 191114 194030 194030 194030 195253 195253 195253 208867 209852 209852 209852 208867 209852 220433 220433 229637 229637 229637 229637 234095 234095 242153 251164 251164 251288 251288 251288 251164 242153
100 0
14480 17404 17404 17404 17404 27432 34829 34829 34829 27432 34829 40082 40082 40082 46058 46058 46058 47794 47794 52914 52914 52914 52914 67910 77145 77145 77145 67910 77145 80652 87129 87129 87129 80652 87129 92989 96433 96433 96433 92989 96433 100884 110624 110624 110624 100884 110624 119044 122871 122871 122871 119044 122871 130953 130953 138780 138780 138780 138780 153175 153175 153649 153649 153649 153649 158851 161766 161766 161766 158851 161766 163943 164744 164744 164744 163943 164744 175999 180409 180409 180409 175999 180409 184629 184629 184629 185462 185462 185462 191308 197297 203075 203075 206679 206679 206679 203075 197297 197297 191308
100 0
2528 10564 18571 18571 18571 10564 18571 28993 28993 28993 31909 31909 31909 46033 46033 46033 54079 54079 54079 66111 66567 66567 66567 66111 66567 84867 85093 85093 85093 84867 85093 93846 93846 95194 95194 95194 95194 103656 110176 110176 110176 103656 110176 118038 119032 119032 119032 118038 119032 129630 132353 132353 132353 129630 132353 143476 143478 143478 143478 143476 143478 157198 162524 162524 162524 157198 162524 173540 173540 173540 179235 179235 179235 184705 184705 184705 187846 187846 187846 204826 204826 206716 206716 206716 206716 211853 216685 220108 228494 229696 229696 229696 228494 228494 220108 220108 216685 216685 211853 211853
100 0
13057 14114 18948 20788 20788 20788 18948 18948 14114 14114 13057 20788 23911 28729 31746 37264 37264 46479 46479 52338 52338 60350 60350 60350 52338 46479 37264 31746 31746 28729 28729 60350 62708 68489 75766 75766 82986 89516 89516 89516 82986 82986 75766 68489 68489 95759 96675 96675 96675 95759 95759 96675 99954 103109 103109 103109 105508 112724 122552 122844 130081 130081 130081 122844 122844 122552 122552 112724 112724 105508 105508 130081 136830 136830 145906 145906 145906 136830 148832 148832 148832 157156 157995 157995 165613 167461 167461 167461 165613 165613 157995 167461 175301 175301 176406 176406 183689 183689 183689 176406
100 0
7308 7308 7308 20361 20361 22938 31722 31722 31722 22938 22938 20361 31722 43303 44606 44606 45824 45824 45824 44606 43303 43303 45824 50998 50998 58453 58657 58657 58657 58453 58453 50998 58657 66065 66065 73474 77495 77495 77495 73474 73474 66065 77495 86260 88032 88032 97600 97600 97600 88032 86260 86260 97600 99754 99754 99754 99831 101139 101139 101139 99831 99831 101139 110211 110211 110211 112150 112150 117894 117894 117894 112150 117894 120515 120515 125211 125597 125597 125597 125211 125211 120515 125597 133788 140091 145062 145062 145062 140091 140091 133788 133788 145062 155008 158432 158432 158432 155008 160047 160047
100 0
8994 17300 17300 17300 17300 31749 39118 39118 39118 31749 39118 54014 54014 63511 63511 63511 63511 81108 81108 81674 81674 81674 81674 91937 91937 92638 92638 92638 92638 104937 104937 110465 110465 110465 110465 115510 116648 116648 116648 115510 116648 127007 127007 127007 132030 132030 132030 143224 143224 144848 144848 144848 144848 145663 145663 148637 148637 148637 148637 157856 161707 161707 161707 157856 161707 166107 166107 171189 171189 171189 171189 183004 189459 189459 189459 183004 189459 194620 198387 198387 198387 194620 198387 206226 212054 212054 212054 206226 212054 225583 225583 226012 228815 228815 228815 238693 238693 238693 226012 226012
100 0
15469 15469 23173 23173 23173 38555 38555 44028 44028 44028 51851 51851 55078 55078 55078 63032 63032 63032 64581 64581 70867 70867 70867 79514 79514 95651 95651 99707 99707 99707 111103 111103 118257 118257 118257 133117 138203 138203 138203 138203 153635 161984 161984 161984 161984 180221 180221 189542 189542 189542 204232 204232 210391 210391 210391 222515 222515 223610 223610 223610 239317 248797 248797 248797 248797 261800 266572 266572 266572 266572 280057 281166 281166 281166 281166 284555 284555 284555 286014 286014 300457 300457 306703 306703 306703 320801 326150 326150 326150 326150 329641 329641 329875 329875 329875 342650 342650 345117 345117 345117
100 0
1669 9330 16089 19920 19920 19920 16089 16089 9330 9330 19920 32245 32245 32245 32709 32709 32709 38455 38455 38455 38455 47817 56320 56320 56320 47817 47817 62387 62387 62387 62387 72019 78335 82760 82760 82760 78335 78335 72019 72019 82760 87427 92825 92825 92825 102738 102738 102738 87427 87427 102738 113512 113512 113512 117299 117299 126830 126830 126830 117299 126830 136385 140369 146948 146948 146948 140369 140369 136385 136385 146948 150553 150553 154905 156452 156452 156452 154905 154905 150553 156452 169729 169729 170382 170382 172271 172271 172271 170382 169729 172271 183245 183245 184454 184454 184454 190789 190789 190789 183245
100 0
14207 14207 14207 26425 26425 31723 31723 31723 26425 32011 32011 32011 32011 42514 45534 51046 51046 51046 45534 45534 42514 42514 51046 53188 53188 53677 58154 58154 58154 53677 53677 53188 58154 69959 69959 69959 76646 76646 76646 85947 85947 85947 85947 99238 99238 99238 101806 101806 105980 105980 105980 101806 105980 115485 124699 124699 124699 132419 132419 132419 115485 115485 132419 145851 152639 152639 152639 161258 161258 161258 145851 145851 161258 172233 172233 181805 181805 181805 172233 185369 185369 185369 185369 193709 193709 197362 199783 199783 199783 197362 197362 193709 199783 201403 201403 201403 204835 206024 206024 206024
100 0
8659 8659 8659 18211 18211 18211 34153 34153 34153 42316 51692 51692 51692 42316 42316 51692 57547 57974 57974 59406 59406 59406 57974 57547 57547 59406 70153 79287 79287 81001 81001 81001 79287 70153 70153 81001 89988 89988 99594 103307 103307 103307 99594 99594 89988 103307 114662 123361 123361 125282 125282 125282 123361 114662 114662 125282 136496 136496 141804 150338 150338 150338 141804 141804 136496 150338 162552 171811 171811 171811 162552 162552 172679 172679 172679 172679 182557 182557 182557 183436 183436 184378 184378 184378 183436 184378 200382 200382 208386 214653 214653 214653 208386 208386 200382 214653 221874 227444 227444 227444
100 0
7447 7447 8858 8858 13993 13993 13993 13993 24001 26913 26913 35676 35676 35676 26913 24001 24001 35676 47356 47356 47356 52612 52612 52612 57089 57089 57089 57089 71729 74025 75797 75797 75797 74025 74025 71729 71729 75797 91139 97231 98579 98579 98579 97231 97231 91139 91139 98579 107515 116501 122398 122398 122398 116501 116501 107515 107515 122398 138323 144037 146643 146643 146643 144037 144037 138323 138323 146643 160762 163592 164045 164045 164045 163592 163592 160762 160762 164045 173520 173520 177985 179366 179366 179366 177985 177985 173520 179366 195894 195894 195894 199856 199856 205251 205251 205251 199856 205251 214827 214827
100 0
5142 5142 5142 12436 17708 18250 24527 25388 25388 25388 24527 24527 18250 18250 17708 17708 12436 25388 34308 34308 41366 43304 43304 43304 41366 41366 34308 47532 52297 56775 56775 56775 52297 60831 60831 60831 52297 60831 71807 71807 71807 76717 77874 81322 81322 90474 96039 96039 96039 96881 96881 96881 90474 90474 81322 77874 77874 96881 106456 106456 107418 107418 107418 116324 116324 125427 129486 129677 131704 131704 131704 129677 129677 129486 129486 125427 125427 131704 137282 143507 149261 149261 150578 150578 155326 155326 156861 159231 159231 159231 156861 156861 155326 150578 149261 143507 143507 159231 162034 162034
100 0
899 8912 12031 12031 12031 12031 16480 21312 21312 21312 21312 30240 30976 30976 30976 30976 41768 41768 48762 48762 48762 50145 57160 57160 57160 57160 64391 64391 72893 72893 72893 81720 82173 82173 82173 82173 93994 101190 101190 101190 101190 111827 111827 119507 119507 119507 137995 145042 145042 145042 145042 155836 164538 164538 164538 164538 180666 180666 185701 185701 185701 202501 207759 207759 207759 207759 212742 222070 222070 222070 222070 232840 233292 233292 233292 233292 241183 247385 247385 247385 247385 258669 267499 267499 267499 267499 285866 285866 285866 287074 287074 298660 298660 306193 306193 306193 317557 324552 324552 324552
100 0
10688 10688 18012 25611 25611 25611 18012 18012 25611 34936 42836 42836 42836 34936 49754 49754 49754 34936 49754 64795 72651 78063 78063 78063 72651 72651 64795 64795 78063 84068 84068 93206 99502 99502 99502 93206 93206 84068 99502 113630 113630 113630 120646 120646 120646 130195 130195 130195 130195 144629 149157 153558 153558 153558 149157 149157 144629 144629 153558 159905 159905 161910 166212 166212 166212 161910 161910 159905 166212 180598 180598 180598 189703 189703 194296 194296 194296 189703 194296 203861 203861 203861 210975 210975 210975 212863 212863 212863 212863 224063 225553 225553 233352 233352 233352 225553 224063 224063 233352 240073
100 0
2481 16991 16991 23860 23860 23860 37876 45657 45657 45657 45657 52307 56470 56470 56470 56470 65548 67469 67469 67469 67469 71041 71041 71041 73256 73256 82859 86651 86651 86651 86651 95500 95500 95500 105142 105142 120162 120162 120162 128721 128721 130964 130964 136772 136772 136772 141324 141324 141324 145012 145012 156795 159077 159077 159077 159077 175786 175786 182541 182541 182541 197617 197617 199936 199936 199936 208444 208444 208444 212108 212108 226480 227126 227126 227126 227126 234343 234343 242336 242336 242336 251522 260570 260570 260570 260570 278121 278121 278121 285671 285671 293160 293415 293415 293415 293415 309100 316428 316428 316428
100 0
2862 2862 12898 12898 12898 20083 20083 28810 28810 28810 20083 28810 43851 43851 43851 53819 61750 61750 61750 53819 53819 61750 71076 71076 73527 78349 78349 78349 73527 73527 71076 78349 89094 89094 89094 91216 95612 95612 95612 91216 91216 95612 100969 102110 102110 110434 110434 110434 102110 100969 100969 110434 123388 123388 133180 133180 142938 142938 142938 133180 123388 142938 152689 156092 156092 156092 152689 162645 162645 162645 152689 162645 177789 178961 180417 180417 180417 178961 178961 177789 177789 180417 187428 187428 187428 196364 196364 199974 199974 199974 196364 199974 212372 212372 219754 219754 223244 223244 223244 219754
100 0
12868 17307 17307 17307 17307 23320 32195 36207 39605 39605 39605 48420 48420 56494 56494 56494 48420 56642 56642 56642 36207 36207 32195 32195 56642 73110 73110 82083 83610 86212 86212 86212 90008 94548 95889 95889 95889 94548 94548 90008 90008 83610 83610 82083 95889 105474 110012 110012 110012 119104 119104 119750 121680 121680 121680 122208 126058 126058 126058 122208 122208 119750 119750 119104 126058 143419 151791 157260 167141 167141 176687 181782 190328 190328 190328 181782 181782 176687 176687 167141 157260 157260 151791 151791 190328 203754 210117 210117 215149 215149 215149 210117 203754 203754 216986 216986 216986 222671 222671 222671
100 0
12318 12318 15444 15444 15444 21385 21385 24241 24241 24241 33771 42606 42606 42606 42606 57699 57699 57699 61284 61284 70877 80818 80818 80818 80818 96059 102800 102800 102800 102800 113096 113096 116445 116445 116445 128377 128377 135803 135803 135803 147560 156711 156711 156711 156711 167882 167882 167882 173680 173680 190345 190345 193993 193993 193993 205105 208179 208179 208179 208179 217863 227374 227374 227374 227374 231908 231908 231908 235028 235028 243555 248083 248083 248083 248083 265614 272482 272482 272482 272482 287818 287818 287818 296331 296331 307062 307062 312793 312793 312793 322809 325187 325187 325187 325187 327598 333795 333795 333795 333795
100 0
6584 6584 6584 14049 14049 14603 14603 14603 14049 17262 17262 23210 26782 26782 26782 23210 23210 26782 45821 49599 55844 55844 55844 49599 49599 45821 45821 61096 61993 62761 69054 69054 69054 62761 62761 61993 61993 69054 76804 84825 84825 91855 91855 94831 94831 103694 103694 103694 111181 111181 111181 116151 116151 116151 94831 91855 84825 116151 122961 122961 122961 123258 124824 129906 137532 144936 152067 152067 152067 144936 144936 137532 137532 129906 129906 124824 124824 152067 169894 169894 171893 171893 171893 169894 178923 178923 178923 183439 183439 183439 191310 191310 191310 194853 194853 195044 195044 195044 204194 204194
100 0
16524 16524 16524 23806 23806 32251 38441 38441 38441 32251 38441 44935 44935 45382 45382 45382 45620 45620 53722 57773 61406 62588 62588 62588 61406 61406 57773 57773 53722 53722 62588 74196 74196 78454 78454 86344 86344 86344 78454 74196 94916 98183 98183 98183 104688 104688 104688 110041 110041 110041 110041 115757 115757 115757 121238 123897 127343 127343 135018 135018 143876 143876 143876 135018 127343 123897 123897 144313 144313 144313 144313 156181 156181 156181 157975 157975 165120 173348 176069 185681 192400 192400 192400 185681 185681 176069 176069 173348 173348 165120 192400 199703 199703 203426 203426 210865 210865 210865 203426 199703
100 0
6730 6730 15457 15475 17371 17371 17371 15475 15475 15457 15457 17371 32039 39079 48097 48097 48097 39079 39079 32039 32039 48097 63142 63142 63142 65185 65185 73615 73615 73615 65185 73615 82179 82179 88357 88357 88357 82179 90123 90123 90123 90123 100243 100243 104939 111947 111947 111947 104939 104939 100243 111947 128363 135531 143173 143173 143173 135531 135531 128363 128363 143173 153488 153488 155331 159822 159822 159822 155331 155331 153488 159822 170465 170465 170465 177817 178133 178133 178133 177817 177817 178133 186190 186190 187137 193972 193972 193972 187137 187137 186190 193972 208694 208694 208694 213047 215974 215974 215974 213047
100 0
13426 13426 25061 25061 25061 26898 26898 26898 38665 38665 38665 46851 46851 46851 55728 63566 63566 63566 55728 63566 77684 80240 80240 80240 77684 80240 90833 90833 98491 98491 98491 98491 102976 102976 104720 104720 104720 104720 114563 115943 115943 115943 114563 115943 125940 125940 133045 133045 133045 133045 141940 141940 141940 148982 148982 148982 156992 156992 156992 164728 164728 164728 181952 191006 191006 191006 181952 191006 196729 196729 202490 202490 202490 202490 215779 224251 224251 224251 215779 224251 226684 230489 230489 230489 226684 230489 246340 252065 256510 263099 272381 272381 272381 263099 263099 256510 256510 252065 252065 246340
100 0
3351 13694 23356 23356 23356 23356 30471 30868 30868 30868 30868 41337 41337 41337 47666 47666 61030 67741 67741 67741 67741 72738 81938 81938 81938 81938 100454 107789 107789 107789 107789 122174 130368 130368 130368 130368 138123 138123 142859 142859 142859 151761 151761 151761 155023 155023 170394 175651 175651 175651 175651 185991 185991 185991 186766 186766 196696 196696 204548 204548 204548 216027 218531 218531 218531 218531 228343 234607 234607 234607 234607 242032 250770 250770 250770 250770 260772 268375 268375 268375 268375 276744 282148 282148 282148 282148 291193 292564 292564 292564 292564 308114 308114 312994 312994 312994 316923 316923 323976 323976
100 0
15014 15014 15680 15680 15680 15680 24260 26078 26078 26078 24260 26078 36042 36042 45778 45778 45778 45778 58045 67610 67610 67610 58045 67610 70359 75140 75140 75140 70359 75140 81996 87660 87660 87660 81996 87660 89716 97223 97223 97223 89716 97223 98928 98928 105247 105247 105247 105247 124139 129051 129051 129051 124139 129051 142363 144148 144148 144148 142363 144148 152491 159582 159582 159582 152491 159582 165583 169788 169788 169788 165583 169788 179690 182770 182770 182770 179690 182770 195812 195812 202082 202082 202082 202082 208792 208792 208792 215501 215501 215501 229279 229279 238390 247794 254964 254964 254964 247794 247794 238390
100 0
13921 13921 13921 13921 27570 32047 32047 32047 27570 32047 39305 42675 42675 42675 39305 42675 54930 54930 62245 62245 62245 62245 74065 82250 82250 82250 74065 82250 96379 101381 101381 101381 96379 101381 111607 117243 117243 117243 111607 117243 125287 131937 131937 131937 125287 131937 138792 144482 144482 144482 138792 144482 152005 154893 154893 154893 152005 154893 163496 172472 172472 172472 163496 172472 179917 182404 182404 182404 179917 182404 189609 189609 196260 196260 196260 196260 203572 203572 203572 207214 207214 207214 215700 218171 218171 218171 215700 218171 222169 231085 231085 231085 222169 222169 239837 239837 245140 245140 245140 239837
100 0
11998 11998 19465 19465 19465 37679 37679 37960 37960 37960 41830 49479 51344 51344 51344 52440 52850 52850 52850 52440 52440 49479 49479 41830 52850 63569 63569 64893 64893 64893 63569 65590 70197 70197 73148 75403 75403 76812 76812 76812 75403 73148 73148 70197 76812 92282 92282 96785 96785 96900 106449 106449 110816 115429 115429 118814 118814 118814 115429 110816 110816 106449 96900 96900 118814 127678 127678 127678 132974 135947 140163 140163 140163 143148 143148 144552 150160 150160 150160 144552 144552 143148 135947 135947 150160 160408 170301 179514 179514 179514 182633 182633 182633 188428 188428 188428 170301 170301 160408 160408
100 0
11234 19901 19901 19901 11234 19901 33693 38221 38221 38221 33693 38221 46887 53400 53400 53400 46887 53400 65544 65544 74193 74193 74193 74193 82486 82663 82663 82663 82486 82663 92702 99328 99328 99328 92702 99328 108831 108831 108831 117230 117230 117230 120412 120412 130185 130185 130185 130185 139212 148178 148178 148178 139212 148178 158466 158466 158466 166250 166250 166250 179944 179944 181005 181005 181005 181005 192365 192365 197668 197668 197668 197668 210482 210482 219646 219646 219646 219646 229383 229383 232439 232439 232439 232439 239172 239172 239172 239839 239839 239839 243077 243077 252754 252754 254371 254371 254371 252754 257969 257969
100 0
257969 259235 257969 268287 257969 274754 277773 274754 286148 274754 292178 299702 292178 301684 292178 308595 312002 308595 315035 308595 319557 324175 319557 332247 319557 339137 340547 339137 342089 339137 345509 351648 345509 352616 345509 360549 363129 360549 367126 360549 370400 378237 370400 383944 370400 391734 398430 391734 401518 391734 402823 403421 402823 404126 402823 404481 411545 404481 411619 404481 416699 419791 416699 427387 416699 434448 440802 434448 448155 434448 454599 455473 454599 457442 454599 458308 462423 458308 472153 458308 474559 478444 474559 484311 474559 487684 495853 487684 504298 487684 508018 515811 508018 518444 508018 524221 529802 524221 539129 524221
100 0
542304 78912 106300 703315 14550 215522 709206 889337 686071 147178 846807 38975 841862 879028 143978 36774 969899 698677 678883 812189 860452 21083 345696 776217 305407 792994 448526 220277 359466 258895 1000000 901769 854158 431435 605083 385059 646957 830640 274395 849379 977817 121201 888353 819679 1000000 548683 372804 2831 247359 568038 1000000 624162 105473 677066 916731 927231 986412 365256 663860 345877 140502 472643 1000000 511011 420430 885431 896070 67386 716071 686816 1000000 210239 324369 321468 546269 840949 386502 435425 843779 633861 3462 175150 774374 108934 368567 691104 552517 354978 572711 216376 217206 229564 205370 497554 740575 625799 382985 152996 209536 615407
